1213834231:-226769626 



-1116893440:-1031033536 -1109180:699692587 
-1031033536

1684975774
1684975774
-1116893440:-1031033536 -436777310:-1436391977 -241734586:-1804179718 -1109180:699692587 1432540170:833862964 2042384640:1684975774 



699692587


699692587

-1116893440:-1031033536 -436777310:-1436391977 -241734586:-1804179718 -1109180:699692587 
1254737873:-465472505 1432540170:833862964 
-2137162676


-1116893440:-1031033536 -436777310:-1436391977 -241734586:-1804179718 -1109180:699692587 357233022:550289315 504267529:270229317 555093390:-2137162676 604443636:1719671125 

-436777310:-1436391977 -241734586:-1804179718 -1109180:699692587 357233022:550289315 504267529:270229317 555093390:-2137162676 604443636:1719671125 892407903:1240860315 1254737873:-465472505 
-436777310:-1436391977 -241734586:-1804179718 -1109180:699692587 357233022:550289315 504267529:270229317 555093390:-2137162676 604443636:1719671125 
-465472505



699692587




-465472505



620839777





-1526540237

1039681320



-1441263837
-152646468




412996093
822885674
-465472505

-1375956637
539187127


1890337673



-465472505











-1441263837



1130343958
-955471945
604759087


1130343958
1892855566
-1496627398
539187127

1071585
-1375956637
1890337673



1892855566
1609128615
412996093
-1199730745
620839777
-1375956637
270229317



-147024529




-1375956637





2027128790


-414082003
-1302323801





1245260949


-1384205182
1036151838
-1027093659
1039681320
-465472505


-288410639
1218971450

-371095974


196162825


1886913174
-371095974



408940143

699692587

1625045397

-161767593
1071585
194719064

1625045397

820265144
-371095974
-1439044173
-840278176



1571157921
1910089274
1289666239
1213456837

1909245634
1890337673

-1199730745

-1664573437
1982452512
-371095974
-955471945
1130343958
1071585



-808713987
-414082003




699692587

1316717295

-735943014
1071585


-481794354
1582036922





-1316110677


-1770385417

1036151838


349535825


820265144
-1316110677
-414082003

1709061556
-840278176
349535825
-1441263837
-1375956637



-1441263837
196162825
-414082003

1942381680

1067519007

-550952503


83772307

-82459110
-136912164
196162825


-1362540593


-2011948963
-808713987
-808713987
1289666239

1615664562

1498832869
1015385028
-346500024


194719064
-1001325694


-371095974
1150124966
-1441263837

707147596
1289666239

-1441263837
1036151838
-2130496601
-1199730745
242687680
-2130496601
674774742
-840278176

1472338381
-1375956637
1036151838
-652289294


400083245
-465472505
-719998836
636822958




1650400185

1818470842
-1199730745
-1623684933
-550952503
1483819096
-1405601950

1316717295
-1418610165

-197905590
1982452512



-414082003
-1271201457

-835672454



-2089095984
-414082003
1703995846
-1413153275

-1271201457
539187127

885912544


-1079836719

-1413153275

-136912164



130027854
412996093
-65095817
-1721958128
-227437836
-1840854557

-1496627398
1723042934
-955471945



1054167298
-1441263837

1319667745

-1418610165

-1316110677


-1620433705

1702171629

1525104349


-1328440008
-1643251484
194499724

1150124966


-719998836
-1260914358

-371095974
-1929210196

-197905590
1054167298
-1027093659

-121566531

1818470842


539187127
-185470679
1709061556
-136912164
1130343958

-1861462511

-722571460
1334820098
-414082003

412996093


1384744794
1517953527
1582036922
1892855566



83772307

-1441263837

-1861462511

-2089095984
-1316110677

892361305
2132366913

-1418610165

-1840854557



1150124966

1071585


-1250523814
1709061556
-1561766005


-1725679392
519022571


1639841142


-394912423
-371095974

1890337673

-1621756550
569892094

1324468568

83772307
-981755765







-1929210196
349535825
130027854
-972836958








-414082003
242687680
89122373




-1861462511
1571909183
1054167298
-1316110677
-1774853678


2071621176


-227437836

-1470398791

1571909183
291599392
1650400185
-1118315287
1240860315
912701393

1130343958
-2031277339
1163690598

-731262507

-1402416420


-121566531
-2089095984
-1352572822
-465472505
2112440382
1986393520

-468435048

-1811022496
-2072215235
519165937
1615664562
-1612057642

707147596
-1721958128

2143742288
1805789394

-1291671165
-485376929
-82459110


1650400185
-1413153275
-227437836

-1114976252


229642518


-1362540593


-1195866107
-197905590

-2089095984
1571157921
410682749

-981755765

1818470842

-82459110
-356594374
1285626622

862517110
-346500024

1294497315
-1929210196
-1027093659
1507273079

1294497315
-2023757083


1598026423
-1370861297

408940143
-481794354
291599392

-1352572822

17428176
2112440382
422824068
1892855566

1582036922


-2024525743

-82459110
1674941048
-1623684933
1285626622
1294497315
1503561724


-14802957
-147024529

1285626622


-288886857

1723042934
1218971450

1886913174
912701393


-601743194
-371095974

822885674
-1620433705



-1413153275

377123992

1606242697
-1721958128
1459883165
862517110
-1664573437
-1199730745
-1079836719

168090325

1324468568








-1643251484


-485376929
1701598614
-1441263837

649842876



39935819
-1199730745
-152646468



1245260949

-2130496601
649842876


1159036557
1709061556
1064837891

-481794354

-750585636
-2130496601





1218971450



1709061556


-1032686379
-1439044173

-1320929486


-1441263837
253402719
2015200808

-1441263837

1245260949
-1732932709
-238047448
707147596
168090325

136850480

39935819
-1291671165




194719064
349535825

1142422685
1067648682
-227437836


-414082003
1897975827



1986393520
-1439044173
-481794354
1792203101
-371095974

1535741194




-1613177401
-1732932709
295466124
-43818238
-840278176

-1032686379
1274734454

-567318350
-145263293

-1981103940
1025302208
1110638151
-104597699
1892855566
-1941733447
-1049784720
1328087630
-1153429692
1709061556
824331012
-1986340361

-288410639
71818272
-657732201
-1905024663

-550952503
-840278176

-185470679
-1260914358



-1027093659

-1811022496
1650400185
1820564540

468813192
1115444416

-1195866107



-481794354
-863028998
1328087630
86629572


196162825
-1842666396
898065858
676363950
699692587
1067648682




52651100

405103142
-538216486
-1773797521
1384744794

999914683
89122373
2101991026



1240860315

-1439044173
-170244303




1667733680
-1632384497


-1551608148



1427606996
-485376929
1117938953



-640300906


539187127


1782485045
-1201500535

1039681320


-227437836
1629502005
1396566041

-2089711260
1984533643
-37879626
-1436391977
-827708694
4710155





1130343958
-2011948963



1559521029

1972225775
1667733680




-1003551641


-1439044173
-274870118

1384134609
-1392163240
221489052
-485376929
1157431029


-1561766005
405103142

-1194918539
-197905590
-18899017

1970196956

1240860315
-603192317

-1003551641
-1352572822
-1334273284
-1496627398
1459883165


-382493168

-764421624

405103142
1982452512

1482115605




-1452459039

-1590783330

1794369639

2083021623
1507174420



1526641217
-1981103940

-414082003
1274734454

1316717295

-585682568
1159036557
410682749


429183639
1629357586


1806021194
1691423874
-110608319

1997901214

1111561165
4710155
912701393

-1387022424


559984579
-1561766005
-1623684933
-65095817
1627902186
-688806435

1736900979

-1418610165
1365877260

-1418610165
-65095817


-1773797521
83772307
1416199095


-1625341302
-1621756550
1240860315
-170244303
Maximum get time (nanoseconds): 16000
Average get time (nanoseconds): 4662
